1373489860,202,300,1373470920,2649268,134.60,397.00,122.30,121.30,0.00,9.00,0.72,145,153,2400,59.97,60.06,244,154,4,7.00,330,509,523,111,35.60,34.90,32.40,1951,111,0,6002,0,0,0,0,0,0,0,1,0,0,0,0,0,0,0,0,0,0,0,0,0,0,0,0,0,0,0,0,0,0,0,0,0,0,0,0,0,0,0,0,0,0,32768,0,0
1373489861,202,300,1373470921,2649268,139.10,397.20,122.30,121.30,0.00,9.20,0.78,162,165,2400,59.96,60.05,244,158,4,7.00,330,502,514,118,35.60,34.90,32.40,1951,111,0,6002,0,0,0,0,0,0,0,1,0,0,0,0,0,0,0,0,0,0,0,0,0,0,0,0,0,0,0,0,0,0,0,0,0,0,0,0,0,0,0,0,0,0,32768,0,0
1373489862,202,300,1373470922,2649269,144.90,397.50,122.30,121.30,0.00,9.70,0.86,185,194,2400,59.97,60.06,244,167,5,7.00,330,491,502,132,35.60,34.70,32.40,1951,111,0,6002,0,0,0,0,0,0,0,1,0,0,0,0,0,0,0,0,0,0,0,0,0,0,0,0,0,0,0,0,0,0,0,0,0,0,0,0,0,0,0,0,0,0,32768,0,0
1373489863,202,300,1373470923,2649269,145.80,396.90,122.30,121.30,0.00,9.90,0.91,202,203,2400,59.97,60.06,244,169,5,7.00,330,495,501,138,35.60,34.60,32.40,1951,111,0,6002,0,0,0,0,0,0,0,1,0,0,0,0,0,0,0,0,0,0,0,0,0,0,0,0,0,0,0,0,0,0,0,0,0,0,0,0,0,0,0,0,0,0,32768,0,0
1373489864,202,300,1373470924,2649269,141.70,397.10,122.30,121.50,0.00,9.60,0.87,189,187,2400,59.97,60.06,244,164,5,7.00,330,503,509,131,35.60,34.60,32.40,1951,111,0,6002,0,0,0,0,0,0,0,1,0,0,0,0,0,0,0,0,0,0,0,0,0,0,0,0,0,0,0,0,0,0,0,0,0,0,0,0,0,0,0,0,0,0,32768,0,0
1373489865,202,300,1373470925,2649269,132.20,397.50,122.50,121.80,0.00,8.90,0.76,154,149,2400,59.97,60.06,244,153,5,7.00,330,517,529,111,35.60,34.70,32.40,1951,111,0,6002,0,0,0,0,0,0,0,1,0,0,0,0,0,0,0,0,0,0,0,0,0,0,0,0,0,0,0,0,0,0,0,0,0,0,0,0,0,0,0,0,0,0,32768,0,0
1373489866,202,300,1373470926,2649269,124.40,397.60,122.30,121.30,0.00,8.30,0.66,121,118,2400,59.97,59.88,244,143,4,7.00,330,530,544,93,35.60,34.70,32.40,1951,111,0,6002,0,0,0,0,0,0,0,1,0,0,0,0,0,0,0,0,0,0,0,0,0,0,0,0,0,0,0,0,0,0,0,0,0,0,0,0,0,0,0,0,0,0,32768,0,0
1373489867,202,300,1373470927,2649269,118.30,397.30,122.50,121.30,0.00,8.00,0.62,100,98,2400,59.97,60.06,244,137,4,7.00,330,542,557,77,35.60,34.90,32.40,1951,111,0,6002,0,0,0,0,0,0,0,1,0,0,0,0,0,0,0,0,0,0,0,0,0,0,0,0,0,0,0,0,0,0,0,0,0,0,0,0,0,0,0,0,0,0,32768,0,0
1373489868,202,300,1373470928,2649269,116.50,397.20,122.30,121.50,0.00,7.80,0.60,93,90,2400,59.97,59.89,244,134,4,7.00,330,544,561,72,35.60,35.00,32.40,1951,111,0,6002,0,0,0,0,0,0,0,1,0,0,0,0,0,0,0,0,0,0,0,0,0,0,0,0,0,0,0,0,0,0,0,0,0,0,0,0,0,0,0,0,0,0,32768,0,0
1373489869,202,300,1373470929,2649269,113.60,397.00,122.30,121.50,0.00,7.60,0.59,82,78,2400,59.97,59.88,244,130,4,7.00,330,548,567,62,35.60,35.10,32.40,1951,111,0,6002,0,0,0,0,0,0,0,1,0,0,0,0,0,0,0,0,0,0,0,0,0,0,0,0,0,0,0,0,0,0,0,0,0,0,0,0,0,0,0,0,0,0,32768,0,0
1373489870,202,300,1373470930,2649269,111.20,397.10,122.30,121.30,0.00,7.40,0.59,74,73,2400,59.98,59.88,244,127,4,7.00,330,551,571,57,35.60,35.00,32.40,1951,111,0,6002,0,0,0,0,0,0,0,1,0,0,0,0,0,0,0,0,0,0,0,0,0,0,0,0,0,0,0,0,0,0,0,0,0,0,0,0,0,0,0,0,0,0,32768,0,0
1373489871,202,300,1373470931,2649269,110.60,396.80,122.10,121.30,0.00,7.40,0.59,71,68,2400,59.97,59.88,244,127,4,7.00,330,553,572,55,35.60,34.90,32.40,1951,111,0,6002,0,0,0,0,0,0,0,1,0,0,0,0,0,0,0,0,0,0,0,0,0,0,0,0,0,0,0,0,0,0,0,0,0,0,0,0,0,0,0,0,0,0,32768,0,0
1373489872,202,300,1373470932,2649269,108.80,396.80,122.10,121.30,0.00,7.20,0.58,64,65,2400,59.98,59.89,244,124,4,7.00,330,556,576,51,35.60,34.70,32.40,1951,111,0,6002,0,0,0,0,0,0,0,1,0,0,0,0,0,0,0,0,0,0,0,0,0,0,0,0,0,0,0,0,0,0,0,0,0,0,0,0,0,0,0,0,0,0,32768,0,0
1373489873,202,300,1373470933,2649269,103.40,397.10,122.30,121.30,0.00,6.80,0.57,51,49,2400,59.97,59.88,244,117,4,7.00,330,539,587,41,35.60,34.60,32.40,1951,111,0,6002,0,0,0,0,0,0,0,1,0,0,0,0,0,0,0,0,0,0,0,0,0,0,0,0,0,0,0,0,0,0,0,0,0,0,0,0,0,0,0,0,0,0,32768,0,0
1373489874,202,300,1373470934,2649269,97.70,397.30,122.30,121.10,0.00,6.50,0.57,36,34,2400,59.97,60.06,244,111,3,7.00,330,420,599,31,35.60,34.50,32.40,1951,111,0,6002,0,0,0,0,0,0,0,1,0,0,0,0,0,0,0,0,0,0,0,0,0,0,0,0,0,0,0,0,0,0,0,0,0,0,0,0,0,0,0,0,0,0,32768,0,0
1373489875,202,300,1373470935,2649269,93.40,396.90,122.10,120.80,0.00,6.00,0.58,20,20,2400,59.98,59.89,244,104,3,7.00,330,389,608,22,35.60,34.60,32.40,1951,111,0,6002,0,0,0,0,0,0,0,1,0,0,0,0,0,0,0,0,0,0,0,0,0,0,0,0,0,0,0,0,0,0,0,0,0,0,0,0,0,0,0,0,0,0,32768,0,0
1373489878,202,300,1373470939,2649269,83.60,396.40,122.10,121.00,0.00,5.50,0.58,7,9,2400,59.98,59.89,244,94,3,7.00,330,291,628,14,35.60,35.00,32.40,1951,111,0,6002,0,0,0,0,0,0,0,1,0,0,0,0,0,0,0,0,0,0,0,0,0,0,0,0,0,0,0,0,0,0,0,0,0,0,0,0,0,0,0,0,0,0,32768,0,0
1373489879,202,300,1373470940,2649269,83.60,396.30,122.10,121.00,0.00,5.40,0.59,6,8,2400,59.98,59.89,244,93,3,7.00,330,279,628,13,35.60,35.00,32.40,1951,111,0,6002,0,0,0,0,0,0,0,1,0,0,0,0,0,0,0,0,0,0,0,0,0,0,0,0,0,0,0,0,0,0,0,0,0,0,0,0,0,0,0,0,0,0,32768,0,0
1373489880,202,300,1373470940,2649269,82.60,396.10,122.10,121.00,0.00,5.40,0.58,8,7,2400,59.98,59.89,244,93,3,7.00,330,317,630,13,35.60,35.00,32.40,1951,111,0,6002,0,0,0,0,0,0,0,1,0,0,0,0,0,0,0,0,0,0,0,0,0,0,0,0,0,0,0,0,0,0,0,0,0,0,0,0,0,0,0,0,0,0,32768,0,0
1373489881,202,300,1373470941,2649269,82.80,395.60,122.10,121.00,0.00,5.30,0.58,4,7,2400,59.98,59.89,244,92,3,7.00,330,265,629,12,35.60,34.90,32.40,1951,111,0,6002,0,0,0,0,0,0,0,1,0,0,0,0,0,0,0,0,0,0,0,0,0,0,0,0,0,0,0,0,0,0,0,0,0,0,0,0,0,0,0,0,0,0,32768,0,0
1373489882,202,300,1373470943,2649269,91.10,395.70,122.30,121.10,0.00,5.90,0.58,14,17,2400,59.98,60.07,244,101,3,7.00,330,359,612,18,35.60,34.70,32.40,1951,111,0,6002,0,0,0,0,0,0,0,1,0,0,0,0,0,0,0,0,0,0,0,0,0,0,0,0,0,0,0,0,0,0,0,0,0,0,0,0,0,0,0,0,0,0,32768,0,0
1373489883,202,300,1373470943,2649269,95.80,396.10,122.10,121.00,0.00,6.20,0.58,24,25,2400,59.98,59.89,244,107,3,7.00,330,397,603,24,35.60,34.70,32.40,1951,111,0,6002,0,0,0,0,0,0,0,1,0,0,0,0,0,0,0,0,0,0,0,0,0,0,0,0,0,0,0,0,0,0,0,0,0,0,0,0,0,0,0,0,0,0,32768,0,0
1373489884,202,300,1373470944,2649269,102.20,396.60,122.10,121.00,0.00,6.70,0.57,36,42,2400,59.97,60.06,244,115,3,7.00,330,420,589,33,35.60,34.60,32.40,1951,111,0,6002,0,0,0,0,0,0,0,1,0,0,0,0,0,0,0,0,0,0,0,0,0,0,0,0,0,0,0,0,0,0,0,0,0,0,0,0,0,0,0,0,0,0,32768,0,0
1373489885,202,300,1373470945,2649269,107.40,395.70,122.10,121.30,0.00,7.10,0.57,53,59,2400,59.98,59.89,244,122,3,7.00,330,489,579,46,35.60,34.50,32.40,1951,111,0,6002,0,0,0,0,0,0,0,1,0,0,0,0,0,0,0,0,0,0,0,0,0,0,0,0,0,0,0,0,0,0,0,0,0,0,0,0,0,0,0,0,0,0,32768,0,0
1373489886,202,300,1373470946,2649269,114.20,396.60,122.30,121.30,0.00,7.60,0.59,74,78,2400,59.98,59.89,244,130,3,7.00,330,545,565,59,35.60,34.70,32.40,1951,111,0,6002,0,0,0,0,0,0,0,1,0,0,0,0,0,0,0,0,0,0,0,0,0,0,0,0,0,0,0,0,0,0,0,0,0,0,0,0,0,0,0,0,0,0,32768,0,0
1373489887,202,300,1373470947,2649269,120.00,396.80,122.50,121.30,0.00,7.90,0.60,93,98,2400,59.98,59.89,244,136,4,7.00,330,536,553,74,35.60,34.70,32.40,1951,111,0,6002,0,0,0,0,0,0,0,1,0,0,0,0,0,0,0,0,0,0,0,0,0,0,0,0,0,0,0,0,0,0,0,0,0,0,0,0,0,0,0,0,0,0,32768,0,0
1373489888,202,300,1373470948,2649269,120.50,397.10,122.50,121.50,0.00,8.00,0.62,101,103,2400,59.98,60.06,244,137,4,7.00,330,534,552,79,35.60,34.90,32.40,1951,111,0,6002,0,0,0,0,0,0,0,1,0,0,0,0,0,0,0,0,0,0,0,0,0,0,0,0,0,0,0,0,0,0,0,0,0,0,0,0,0,0,0,0,0,0,32768,0,0
1373489889,202,300,1373470949,2649269,119.40,397.00,122.30,121.30,0.00,7.90,0.62,100,101,2400,59.98,60.06,244,136,4,7.00,330,539,555,78,35.60,35.00,32.40,1951,111,0,6002,0,0,0,0,0,0,0,1,0,0,0,0,0,0,0,0,0,0,0,0,0,0,0,0,0,0,0,0,0,0,0,0,0,0,0,0,0,0,0,0,0,0,32768,0,0
1373489890,202,300,1373470950,2649269,122.40,397.00,122.30,121.30,0.00,8.10,0.62,101,106,2400,59.98,60.06,244,139,4,7.00,330,533,548,80,35.60,35.10,32.40,1951,111,0,6002,0,0,0,0,0,0,0,1,0,0,0,0,0,0,0,0,0,0,0,0,0,0,0,0,0,0,0,0,0,0,0,0,0,0,0,0,0,0,0,0,0,0,32768,0,0
1373489891,202,300,1373470952,2649269,118.40,397.00,122.10,121.30,0.00,7.90,0.61,95,98,2400,59.98,59.89,244,136,4,7.00,330,542,557,76,35.60,34.90,32.40,1951,111,0,6002,0,0,0,0,0,0,0,1,0,0,0,0,0,0,0,0,0,0,0,0,0,0,0,0,0,0,0,0,0,0,0,0,0,0,0,0,0,0,0,0,0,0,32768,0,0
1373489892,202,300,1373470952,2649269,118.30,397.30,122.30,121.10,0.00,7.90,0.61,96,96,2400,59.98,60.06,244,136,4,7.00,330,540,557,75,35.60,34.90,32.40,1951,111,0,6002,0,0,0,0,0,0,0,1,0,0,0,0,0,0,0,0,0,0,0,0,0,0,0,0,0,0,0,0,0,0,0,0,0,0,0,0,0,0,0,0,0,0,32768,0,0
1373489893,202,300,1373470953,2649269,121.30,397.50,122.50,121.50,0.00,8.00,0.62,101,101,2400,59.97,60.06,244,137,4,7.00,330,534,551,78,35.60,34.70,32.40,1951,111,0,6002,0,0,0,0,0,0,0,1,0,0,0,0,0,0,0,0,0,0,0,0,0,0,0,0,0,0,0,0,0,0,0,0,0,0,0,0,0,0,0,0,0,0,32768,0,0
1373489894,202,300,1373470954,2649269,126.40,397.20,122.30,121.50,0.00,8.30,0.65,112,121,2400,59.97,60.06,244,143,4,7.00,330,524,540,90,35.60,34.60,32.40,1951,111,0,6002,0,0,0,0,0,0,0,1,0,0,0,0,0,0,0,0,0,0,0,0,0,0,0,0,0,0,0,0,0,0,0,0,0,0,0,0,0,0,0,0,0,0,32768,0,0
